,loss,accuracy,val_loss,val_accuracy
0,1.1775686740875244,0.5780870318412781,4.1862077713012695,0.08768822252750397
1,1.1250574588775635,0.5950961112976074,1.4968581199645996,0.5172719359397888
2,1.118141770362854,0.5948752164840698,1.1416958570480347,0.5624446272850037
3,1.0686417818069458,0.6196156144142151,1.159197211265564,0.6191319823265076
4,1.0666837692260742,0.6235917806625366,1.175179362297058,0.5978742241859436
5,1.053079605102539,0.6187320351600647,1.1923729181289673,0.5615589022636414
6,1.0329729318618774,0.6266843676567078,1.1828866004943848,0.581930935382843
7,1.0143754482269287,0.6364037990570068,1.09696626663208,0.592559814453125
8,1.006807565689087,0.6339739561080933,1.7026207447052002,0.4658990204334259
9,0.9757544994354248,0.6483322381973267,1.4111684560775757,0.5491585731506348
10,0.9878373146057129,0.6361829042434692,1.1979848146438599,0.6182462573051453
11,0.9452064633369446,0.6560636162757874,2.0611133575439453,0.5287865400314331
12,0.9477492570877075,0.6549591422080994,1.6207265853881836,0.5801594257354736
13,0.910607099533081,0.6631323099136353,1.0562928915023804,0.6510186195373535
14,0.8836063742637634,0.6693174242973328,1.2376846075057983,0.564216136932373
15,0.8700917363166809,0.6768279075622559,1.6537115573883057,0.4003542959690094
16,0.8569698929786682,0.682129442691803,0.932117760181427,0.6474756598472595
17,0.8198983073234558,0.69339519739151,1.2242071628570557,0.4738706946372986
18,0.8122076392173767,0.6960459351539612,1.225259780883789,0.5544729828834534
19,0.8033987879753113,0.7037773132324219,0.8771878480911255,0.713020384311676
