,loss,accuracy,val_loss,val_accuracy
0,1.2852654457092285,0.5233046412467957,1.2093859910964966,0.5447298288345337
1,1.2114027738571167,0.5646123290061951,1.1243175268173218,0.5899025797843933
2,1.1533353328704834,0.5869228839874268,1.1277364492416382,0.5934455394744873
3,1.1404483318328857,0.5825049877166748,1.1662194728851318,0.560673177242279
4,1.1076886653900146,0.6030483841896057,1.0578447580337524,0.6253321766853333
5,1.109328269958496,0.6010603308677673,1.230849266052246,0.5252435803413391
6,1.0889883041381836,0.6059200167655945,1.1340627670288086,0.5863596200942993
7,1.0809246301651,0.6072454452514648,1.1571733951568604,0.5624446272850037
8,1.0617963075637817,0.6178484559059143,1.7857600450515747,0.49424269795417786
9,1.0476685762405396,0.6224873065948486,1.0204235315322876,0.6244463920593262
10,1.0586590766906738,0.627126157283783,1.0990817546844482,0.5881310701370239
11,1.0406426191329956,0.6273470520973206,1.1713275909423828,0.6049601435661316
12,1.0475432872772217,0.6251380443572998,1.1219453811645508,0.6093888282775879
13,1.0419665575027466,0.6235917806625366,0.9826214909553528,0.6395040154457092
14,1.0195815563201904,0.6339739561080933,0.9819722771644592,0.6333038210868835
15,1.0305222272872925,0.6302186846733093,1.0569639205932617,0.6120460629463196
16,1.0255365371704102,0.6284515261650085,1.276999592781067,0.5456156134605408
17,1.0027025938034058,0.6352993249893188,1.2326864004135132,0.5553587079048157
18,1.0096511840820312,0.6317649483680725,1.1458104848861694,0.5881310701370239
19,0.9995383620262146,0.6315440535545349,1.0816056728363037,0.596102774143219
