,loss,accuracy,val_loss,val_accuracy
0,1.413009762763977,0.36116597056388855,2.02347731590271,0.2015065848827362
1,1.3378340005874634,0.4032910168170929,1.6796305179595947,0.3299435079097748
2,1.3018776178359985,0.4271744191646576,2.9851765632629395,0.2022598832845688
3,1.2736576795578003,0.44663846492767334,1.5345256328582764,0.3423728942871094
4,1.266583800315857,0.45801597833633423,1.9044609069824219,0.2549905776977539
5,1.218076229095459,0.4803009033203125,1.9010049104690552,0.3536723256111145
6,1.2016102075576782,0.49308887124061584,1.2706172466278076,0.4934086501598358
7,1.1582989692687988,0.5126469135284424,1.5729789733886719,0.402259886264801
8,1.125697374343872,0.5348377823829651,1.6498595476150513,0.41770243644714355
9,1.1100507974624634,0.5388810634613037,1.3175688982009888,0.501694917678833
10,1.0811541080474854,0.552139163017273,1.2096697092056274,0.5344632863998413
11,1.0560306310653687,0.5683121681213379,1.5092554092407227,0.4738229811191559
12,1.0439035892486572,0.5790315270423889,1.060922384262085,0.5725046992301941
13,1.0315053462982178,0.584391176700592,1.476672887802124,0.4399246573448181
14,1.0107312202453613,0.591537356376648,1.15911066532135,0.5811675786972046
15,0.9970747828483582,0.5955806374549866,3.010951042175293,0.25235405564308167
16,0.9930163025856018,0.5994358062744141,1.840111494064331,0.3096045255661011
17,1.0017049312591553,0.5982134342193604,1.1501528024673462,0.5344632863998413
18,0.9642729759216309,0.6146685481071472,1.1492332220077515,0.5758945345878601
19,0.9568997621536255,0.6186177730560303,1.1745507717132568,0.5209039449691772
