,loss,accuracy,val_loss,val_accuracy
0,1.0603455305099487,0.5817583203315735,1.2436580657958984,0.5483992695808411
1,1.0658347606658936,0.5769628882408142,1.229295015335083,0.5630885362625122
2,1.0589280128479004,0.5800658464431763,1.2187671661376953,0.5657250285148621
3,1.06215238571167,0.5767747759819031,1.2313445806503296,0.5627118349075317
4,1.06419038772583,0.5764927268028259,1.2262476682662964,0.5649717450141907
5,1.0615376234054565,0.5842971205711365,1.2358452081680298,0.5661016702651978
6,1.065091848373413,0.5776210427284241,1.226173758506775,0.5642184615135193
7,1.0571132898330688,0.5847672820091248,1.2309091091156006,0.5630885362625122
8,1.0637749433517456,0.5789374709129333,1.2312313318252563,0.562335193157196
9,1.0614979267120361,0.5783733129501343,1.2377523183822632,0.562335193157196
10,1.0625784397125244,0.5799717903137207,1.2149884700775146,0.5702448487281799
11,1.0615947246551514,0.5779972076416016,1.2352551221847534,0.5570621490478516
12,1.0594897270202637,0.5786553621292114,1.2059047222137451,0.5672316551208496
13,1.0604910850524902,0.58128821849823,1.2072616815567017,0.5743879675865173
14,1.0573208332061768,0.5799717903137207,1.2477160692214966,0.5615819096565247
15,1.0602563619613647,0.5780912041664124,1.2273821830749512,0.5672316551208496
16,1.0573058128356934,0.5791255235671997,1.2453371286392212,0.5548022389411926
17,1.0593669414520264,0.5786553621292114,1.1927884817123413,0.5743879675865173
18,1.061445951461792,0.577056884765625,1.2265377044677734,0.5615819096565247
19,1.0582610368728638,0.5791255235671997,1.2115552425384521,0.5717514157295227
20,1.0612726211547852,0.582980751991272,1.2349797487258911,0.55894535779953
21,1.06071138381958,0.5801598429679871,1.2125698328018188,0.5721280574798584
22,1.0592149496078491,0.5794076323509216,1.2393344640731812,0.5574387907981873
23,1.058571219444275,0.5820404291152954,1.2200628519058228,0.5687382221221924
24,1.0598067045211792,0.5811001658439636,1.2170132398605347,0.5653483867645264
25,1.0611048936843872,0.5773389935493469,1.2210862636566162,0.5717514157295227
26,1.059468150138855,0.5809120535850525,1.2142747640609741,0.5608286261558533
27,1.059598445892334,0.5813822150230408,1.2299002408981323,0.5702448487281799
28,1.0598136186599731,0.5791255235671997,1.2117719650268555,0.5593220591545105
29,1.0619468688964844,0.5790315270423889,1.2204866409301758,0.5743879675865173
30,1.058829426765442,0.5793135762214661,1.2244433164596558,0.564595103263855
31,1.0592721700668335,0.5802538990974426,1.2247002124786377,0.5691148638725281
32,1.0631170272827148,0.5758345127105713,1.2243950366973877,0.5630885362625122
33,1.0550179481506348,0.5826045870780945,1.2153388261795044,0.5649717450141907
34,1.059382438659668,0.5808180570602417,1.2222189903259277,0.5694915056228638
35,1.0593562126159668,0.5796896815299988,1.2142342329025269,0.5676082968711853
36,1.0624940395355225,0.5797837376594543,1.2295687198638916,0.5630885362625122
37,1.0543419122695923,0.5826045870780945,1.240092396736145,0.5600753426551819
38,1.05684494972229,0.5811941623687744,1.2058026790618896,0.564595103263855
39,1.0570862293243408,0.5831688046455383,1.2251551151275635,0.5694915056228638
40,1.0566235780715942,0.5792195796966553,1.202994465827942,0.5702448487281799
41,1.0574206113815308,0.5786553621292114,1.22676420211792,0.5653483867645264
42,1.0587345361709595,0.5833568572998047,1.2206887006759644,0.5668550133705139
43,1.0587869882583618,0.5794076323509216,1.217409610748291,0.5676082968711853
44,1.0569074153900146,0.5784673094749451,1.2258753776550293,0.5664783716201782
45,1.0567386150360107,0.5815702676773071,1.220824122428894,0.5615819096565247
46,1.0533607006072998,0.5819464325904846,1.2105973958969116,0.5698681473731995
47,1.0579078197479248,0.5788434147834778,1.2204530239105225,0.5664783716201782
48,1.0481880903244019,0.5817583203315735,1.2267428636550903,0.5615819096565247
49,1.053994059562683,0.5820404291152954,1.208310604095459,0.567984938621521
