,loss,accuracy,val_loss,val_accuracy
0,1.1222132444381714,0.5636107325553894,1.0403192043304443,0.6071563363075256
1,0.8961663842201233,0.6465444564819336,1.0422383546829224,0.5935969948768616
2,0.8037975430488586,0.6867889165878296,0.898109495639801,0.6749529242515564
3,0.7403048872947693,0.71358722448349,0.9433407187461853,0.6523540616035461
4,0.675015926361084,0.7407616376876831,0.8658093810081482,0.6956685781478882
5,0.6120884418487549,0.7655853033065796,1.0275003910064697,0.6207156181335449
6,0.5838901400566101,0.7752703428268433,0.745937168598175,0.728060245513916
7,0.5203246474266052,0.8055477142333984,0.7609444856643677,0.7299435138702393
8,0.48324641585350037,0.819840133190155,0.682924211025238,0.7593220472335815
9,0.4606941044330597,0.8302773833274841,0.6585056185722351,0.7747645974159241
10,0.4278978109359741,0.839398205280304,0.7806966304779053,0.7276836037635803
11,0.38753369450569153,0.8600846529006958,0.750799834728241,0.7333333492279053
12,0.34969988465309143,0.8763516545295715,0.7188198566436768,0.743879497051239
13,0.31958213448524475,0.884438157081604,0.6585718393325806,0.7706214785575867
14,0.29272720217704773,0.8910202383995056,0.6076606512069702,0.7902071475982666
15,0.2695971429347992,0.9058768153190613,0.7287282943725586,0.7525423765182495
16,0.2620459198951721,0.9073812961578369,0.6541898846626282,0.7755178809165955
17,0.22229714691638947,0.9232721924781799,0.7627412676811218,0.7608286142349243
18,0.20501182973384857,0.9295721650123596,0.6852191090583801,0.7800376415252686
19,0.1887425035238266,0.9368124008178711,0.9605854153633118,0.6979284286499023
20,0.17072433233261108,0.9432063698768616,0.739308774471283,0.7732580304145813
21,0.1451413482427597,0.9526093006134033,0.621873140335083,0.8064030408859253
22,0.13484252989292145,0.9574988484382629,0.5952609777450562,0.8105461597442627
23,0.12385620921850204,0.9602256417274475,0.7432289123535156,0.7653483748435974
24,0.1364680975675583,0.9551481008529663,0.6627784371376038,0.8060263395309448
25,0.12358564883470535,0.9586271643638611,0.5890825390815735,0.8154425621032715
26,0.09865956753492355,0.9695345759391785,0.6043606400489807,0.8237287998199463
27,0.08031648397445679,0.9752703309059143,0.7332280278205872,0.8030132055282593
28,0.07365342974662781,0.9765867590904236,0.7176271080970764,0.7984933853149414
29,0.10396880656480789,0.9677479863166809,0.7288885712623596,0.804519772529602
30,0.05427217856049538,0.9866478443145752,0.5653544068336487,0.8463276624679565
31,0.044822048395872116,0.9889985918998718,0.5963681936264038,0.8429378271102905
32,0.04631901904940605,0.9883403778076172,0.619037926197052,0.836534857749939
33,0.06455234438180923,0.9805359840393066,0.6321174502372742,0.8470810055732727
34,0.044201117008924484,0.9876821637153625,0.6080783605575562,0.8485875725746155
35,0.0660969465970993,0.9779031276702881,0.7560738921165466,0.8109228014945984
36,0.04399389773607254,0.9865538477897644,0.888107180595398,0.7845574617385864
37,0.044277939945459366,0.9873060584068298,0.67549729347229,0.8391713500022888
38,0.027233457192778587,0.9941701889038086,0.666211724281311,0.8436911702156067
39,0.03911035507917404,0.9892807006835938,0.7460600137710571,0.8327683806419373
40,0.049972571432590485,0.9837329387664795,0.7062076926231384,0.8338983058929443
41,0.03352924436330795,0.9898448586463928,0.738652765750885,0.8301318287849426
42,0.02655671164393425,0.9931358695030212,0.6936532855033875,0.8451977372169495
43,0.019946230575442314,0.9952985644340515,0.7540028691291809,0.8286252617835999
44,0.026050148531794548,0.9930418133735657,0.8644041419029236,0.8105461597442627
45,0.049685895442962646,0.984673261642456,0.717938244342804,0.8369114995002747
46,0.020896093919873238,0.994358241558075,0.7115059494972229,0.8497174978256226
47,0.024573083966970444,0.993511974811554,0.6304922699928284,0.8512241244316101
48,0.012756671756505966,0.9976492524147034,0.7590633034706116,0.8244820833206177
49,0.015474559739232063,0.9961448311805725,0.8345007300376892,0.8320150375366211
